VGG16:

accuracy: 0.1592, 0.2642, 0.3210, 0.3716, 0.4116, 0.4461, 0.4752, 0.5086, 0.5337, 0.5583, 0.5825, 0.6020, 0.6267, 0.6511, 0.6701, 0.6914, 0.7105, 0.7288, 0.7454, 0.7694, 0.7877, 0.8032, 0.8241, 0.8394, 0.8663, 0.8929, 0.9070, 0.9213, 0.9518, 0.9602
val accuracy: 0.2356, 0.2982, 0.3232, 0.3704, 0.4426, 0.4542, 0.4674, 0.5188, 0.5466, 0.5694, 0.5430, 0.6058, 0.6466, 0.6084, 0.6730, 0.6390, 0.6804, 0.6388, 0.6932, 0.6894, 0.7090, 0.6830, 0.6698, 0.6842, 0.6654, 0.7062, 0.7166, 0.6190, 0.7326, 0.6674
loss: 2.2385, 2.0193, 1.8777, 1.7451, 1.6354, 1.5484, 1.4658, 1.3858, 1.3119, 1.2522, 1.1877, 1.1303, 1.0638, 0.9979, 0.9505, 0.8906, 0.8360, 0.7785, 0.7270, 0.6670, 0.6129, 0.5734, 0.5070, 0.4810, 0.3930, 0.3202, 0.2947, 0.2546, 0.1596, 0.1380
val loss: 2.0931, 1.9170, 1.8286, 1.7023, 1.5201, 1.5042, 1.5115, 1.3612, 1.2874, 1.2480, 1.3208, 1.1443, 1.0418, 1.1378, 0.9532, 1.0695, 0.9389, 1.0637, 0.9111, 0.9659, 0.8991, 0.9724, 1.0577, 1.0224, 1.0932, 0.9538, 1.0482, 1.4574, 1.1444, 1.6876

ResNet50:

accuracy: 0.2600, 0.3720, 0.4425, 0.4904, 0.5317, 0.5750, 0.6115, 0.6463, 0.6833, 0.7141, 0.7457, 0.7723, 0.7990, 0.8263, 0.8496, 0.8668, 0.8869, 0.8959, 0.9077, 0.9159, 0.9207, 0.9334, 0.9384, 0.9469, 0.9559, 0.9609, 0.9604, 0.9634, 0.9668, 0.9697

val accuracy: 0.1430, 0.3890, 0.4220, 0.4342, 0.4518, 0.4600, 0.4668, 0.4718, 0.4756, 0.4736, 0.4490, 0.4672, 0.4532, 0.4614, 0.4812, 0.4844, 0.4780, 0.4834, 0.4822, 0.4718, 0.4746, 0.4824, 0.4708, 0.4874, 0.4816, 0.4978, 0.4908, 0.5030, 0.4924, 0.4974

loss: 2.4682, 1.9074, 1.6552, 1.5078, 1.3794, 1.2506, 1.1533, 1.0469, 0.9393, 0.8534, 0.7451, 0.6681, 0.5995, 0.5186, 0.4427, 0.3956, 0.3349, 0.3114, 0.2776, 0.2516, 0.2354, 0.2013, 0.1835, 0.1621, 0.1341, 0.1214, 0.1195, 0.1063, 0.0959, 0.0923

val loss: 2.2342, 1.7394, 1.7300, 1.7413, 1.5528, 1.7151, 1.6809, 1.7060, 1.6852, 1.8058, 2.1651, 2.0521, 2.1870, 2.0871, 2.2616, 2.2631, 2.4404, 2.3695, 2.5121, 2.7049, 2.5930, 2.6647, 2.8941, 2.8117, 2.9125, 2.8452, 2.9311, 2.8159, 2.9865, 3.0057


VGG19:

accuracy: 0.1073, 0.1095, 0.1323, 0.2210, 0.2650, 0.2978, 0.3351, 0.3680, 0.4009, 0.4228, 0.4471, 0.4692, 0.4878, 0.5109, 0.5296, 0.5528, 0.5750, 0.5948, 0.6070, 0.6309, 0.6460, 0.6640, 0.6830, 0.6970, 0.7142, 0.7301, 0.7445, 0.7631, 0.7792, 0.7951

val accuracy: 0.1088, 0.1398, 0.1966, 0.1724, 0.2798, 0.2772, 0.3764, 0.3916, 0.4174, 0.4314, 0.4894, 0.4598, 0.4788, 0.5274, 0.5514, 0.5716, 0.5864, 0.5898, 0.5984, 0.6084, 0.6496, 0.5784, 0.6596, 0.6578, 0.6354, 0.6872, 0.6926, 0.6412, 0.7084, 0.6960

loss: 2.3020, 2.2996, 2.2711, 2.1130, 1.9937, 1.9154, 1.8246, 1.7448, 1.6439, 1.5862, 1.5254, 1.4623, 1.4137, 1.3657, 1.3075, 1.2545, 1.2001, 1.1474, 1.1091, 1.0483, 1.0017, 0.9546, 0.9115, 0.8681, 0.8106, 0.7708, 0.7353, 0.6789, 0.6356, 0.5898

val loss: 2.3012, 2.2966, 2.1799, 2.1829, 1.9468, 1.9004, 1.7233, 1.6934, 1.5942, 1.5823, 1.4365, 1.4439, 1.4302, 1.2969, 1.2391, 1.1957, 1.1514, 1.1490, 1.1307, 1.1235, 0.9806, 1.2008, 0.9762, 0.9801, 1.0938, 0.9064, 0.8766, 1.0111, 0.8927, 0.9118
